10,158
10,176
10,226
10,148
10,134
10,28
10,14
10,92
9,4
9,6
9,2
9,3
8,11
8,9
8,12
8,16
8,4
8,6
8,17
8,2
8,3
42,8
42,7
42,6
42,5
42,4
42,3
42,2
42,1
42,0
41,3
41,2
41,1
41,0
40,3
40,2
40,1
40,0
39,3
39,2
39,1
39,0
34,9
34,8
34,7
34,6
34,5
34,4
34,3
34,2
34,1
34,0
32,3
32,2
32,1
32,0
30,3
30,2
30,1
30,0
27,4
27,3
27,2
27,1
27,0
26,3
26,2
26,1
26,0
20,3
20,2
20,1
19,3
19,2
19,1
12,3
12,2
12,1
11,28
11,27
11,26
11,25
11,24
11,23
11,22
11,21
11,20
11,19
11,18
11,17
11,16
11,15
18,1
11,14
18,3
11,13
11,12
11,11
11,10
14,1
11,9
14,3
13,1
11,8
13,3
11,7
11,6
11,5
11,4
11,3
11,2
11,1
10,297
10,295
10,294
10,292
10,289
10,284
10,283
10,268
